# aloof candidates for shard 5 [3264408000000, 3894413040000) -- merge before use
# aloof records: <n> <prime> <value> <gap_below> <gap_above> <prev_prime> <next_prime>
1 3264407900041 50 32 18 3264407900009 3264407900059
2 3264407900107 82 6 76 3264407900101 3264407900183
3 3264407900183 100 76 24 3264407900107 3264407900207
4 3264407900711 114 52 62 3264407900659 3264407900773
5 3264407901353 138 34 104 3264407901319 3264407901457
6 3264407903063 160 100 60 3264407902963 3264407903123
7 3264407904617 162 108 54 3264407904509 3264407904671
8 3264407907307 182 68 114 3264407907239 3264407907421
9 3264407912743 204 86 118 3264407912657 3264407912861
10 3264407915759 222 48 174 3264407915711 3264407915933
11 3264407924849 226 118 108 3264407924731 3264407924957
12 3264407931613 232 96 136 3264407931517 3264407931749
13 3264407954057 234 28 206 3264407954029 3264407954263
14 3264407969959 240 42 198 3264407969917 3264407970157
15 3264407977661 268 130 138 3264407977531 3264407977799
16 3264408054949 298 246 52 3264408054703 3264408055001
17 3264408212453 310 160 150 3264408212293 3264408212603
18 3264408365287 312 198 114 3264408365089 3264408365401
19 3264408486203 318 220 98 3264408485983 3264408486301
20 3264408692009 338 78 260 3264408691931 3264408692269
21 3264409638839 376 238 138 3264409638601 3264409638977
22 3264412855351 454 204 250 3264412855147 3264412855601
23 3265021098769 470 362 108 3265021098407 3265021098877
24 3265173951877 530 326 204 3265173951551 3265173952081
25 3270070683853 540 444 96 3270070683409 3270070683949
26 3276052673483 578 390 188 3276052673093 3276052673671
27 3282934431613 582 126 456 3282934431487 3282934432069
28 3283903688227 630 510 120 3283903687717 3283903688347
