# gap candidates for shard 5 [3264408000000, 3894413040000) -- merge before use
# gap records: <n> <prime> <value> <gap_below> <gap_above> <prev_prime> <next_prime>
1 3264407900009 32 0 32 0 3264407900041
2 3264407900107 76 6 76 3264407900101 3264407900183
3 3264407901239 80 10 80 3264407901229 3264407901319
4 3264407901353 104 34 104 3264407901319 3264407901457
5 3264407904509 108 16 108 3264407904493 3264407904617
6 3264407905207 114 30 114 3264407905177 3264407905321
7 3264407905931 128 10 128 3264407905921 3264407906059
8 3264407915759 174 48 174 3264407915711 3264407915933
9 3264407954057 206 28 206 3264407954029 3264407954263
10 3264408054703 246 6 246 3264408054697 3264408054949
11 3264408139537 256 30 256 3264408139507 3264408139793
12 3264408666313 298 12 298 3264408666301 3264408666611
13 3264415832501 302 4 302 3264415832497 3264415832803
14 3264416921699 344 12 344 3264416921687 3264416922043
15 3264448564291 370 50 370 3264448564241 3264448564661
16 3264453625621 408 2 408 3264453625619 3264453626029
17 3265360414847 416 16 416 3265360414831 3265360415263
18 3266129544941 440 28 440 3266129544913 3266129545381
19 3267123057073 478 14 478 3267123057059 3267123057551
20 3278119454263 496 14 496 3278119454249 3278119454759
21 3283903687717 510 18 510 3283903687699 3283903688227
22 3368975624383 514 20 514 3368975624363 3368975624897
23 3371558033539 574 8 574 3371558033531 3371558034113
24 3410069454097 592 18 592 3410069454079 3410069454689
