# lonely candidates for shard 5 [3264408000000, 3894413040000) -- merge before use
# lonely records: <n> <prime> <value> <gap_below> <gap_above> <prev_prime> <next_prime>
1 3264407900041 18 32 18 3264407900009 3264407900059
2 3264407900183 24 76 24 3264407900107 3264407900207
3 3264407900333 42 42 56 3264407900291 3264407900389
4 3264407900711 52 52 62 3264407900659 3264407900773
5 3264407903063 60 100 60 3264407902963 3264407903123
6 3264407907307 68 68 114 3264407907239 3264407907421
7 3264407912743 86 86 118 3264407912657 3264407912861
8 3264407924849 108 118 108 3264407924731 3264407924957
9 3264407977661 130 130 138 3264407977531 3264407977799
10 3264408212453 150 160 150 3264408212293 3264408212603
11 3264412855351 204 204 250 3264412855147 3264412855601
12 3264460713463 208 210 208 3264460713253 3264460713671
13 3264999227123 218 220 218 3264999226903 3264999227341
14 3267816519673 220 224 220 3267816519449 3267816519893
15 3268944958603 228 242 228 3268944958361 3268944958831
16 3270333375187 236 236 244 3270333374951 3270333375431
17 3281713294331 240 240 248 3281713294091 3281713294579
18 3289038872543 250 250 284 3289038872293 3289038872827
19 3300126374429 252 330 252 3300126374099 3300126374681
20 3336391534001 258 258 308 3336391533743 3336391534309
21 3339924797903 266 270 266 3339924797633 3339924798169
