# A096265, terms 1..55 as previously published;
# terms 56..68 derived from A031133/A031134,
# whose b-files reach 67 terms (A096265 index 68).
# A096265(k+1) is the prime between A031133(k) and A031134(k).
# 2026-09-09
1 2
2 3
3 5
4 7
5 23
6 53
7 89
8 113
9 211
10 1129
11 1327
12 2179
13 2503
14 5623
15 9587
16 14107
17 19609
18 19661
19 31397
20 31469
21 38501
22 58831
23 155921
24 360749
25 370261
26 396833
27 1357201
28 1561919
29 4652353
30 8917523
31 20831323
32 38089277
33 70396393
34 72546283
35 102765683
36 142414669
37 325737821
38 436273009
39 476956933
40 1346350763
41 1453168141
42 2949347131
43 3367207801
44 9085929179
45 10726905041
46 20678048681
47 25056082087
48 31587561361
49 42652618343
50 50949283459
51 122787888851
52 215686840471
53 220578150113
54 724200190631
55 929156727137
56 1032148488557
57 3605572653889
58 4079970755417
59 5061226833937
60 12772332382939
61 19535748743177
62 21185697626267
63 117102787055963
64 471911699384963
65 528459528876647
66 543684371469929
67 811782668945987
68 1693182318746371
