# A107578, 85 terms.
#
# pi(q) for the prime at the upper end of the n-th maximal gap.
# A107578(n) = A005669(n) + 1, which holds at all 80 terms both
# sequences publish today.
#
# Mike Koss, 2026-09-16.
# Source: https://github.com/mckoss/prime-scanner
# OEIS data CC BY-SA 4.0
1 2
2 3
3 5
4 10
5 25
6 31
7 100
8 155
9 190
10 218
11 1184
12 1832
13 2226
14 3386
15 14358
16 30803
17 31546
18 40934
19 103521
20 104072
21 149690
22 325853
23 1094422
24 1319946
25 2850175
26 6957877
27 10539433
28 10655463
29 20684333
30 23163299
31 64955635
32 72507381
33 112228684
34 182837805
35 203615629
36 486570088
37 910774005
38 981765348
39 1094330260
40 1820471369
41 5217031688
42 7322882473
43 9583057668
44 11723859928
45 11945986787
46 11992433551
47 16202238657
48 17883926782
49 23541455084
50 28106444831
51 50070452578
52 52302956124
53 72178455401
54 94906079601
55 251265078336
56 473258870472
57 662221289044
58 1411461642344
59 2921439731021
60 5394763455326
61 6822667965941
62 35315870460456
63 49573167413484
64 49749629143527
65 1175661926421599
66 1475067052906946
67 2133658100875639
68 5253374014230871
69 5605544222945292
70 7784313111002703
71 8952449214971383
72 10160960128667333
73 10570355884548335
74 20004097201301080
75 34952141021660496
76 135962332505694895
77 160332893561542067
78 360701908268316581
79 408333670434942093
80 423731791997205042
81 426181820436140030
82 428472240920394478
83 477141032543986018
84 1524717378371224129
85 2251483061895611800
