# lonely records: <n> <prime> <value> <gap_below> <gap_above> <prev_prime> <next_prime>
1 2 1 1 1 0 3
2 5 2 2 2 3 7
3 23 4 4 6 19 29
4 53 6 6 6 47 59
5 211 12 12 12 199 223
6 1847 14 16 14 1831 1861
7 2179 18 18 24 2161 2203
8 3967 20 20 22 3947 3989
9 16033 24 26 24 16007 16057
10 24281 30 30 36 24251 24317
11 38501 40 40 42 38461 38543
12 58831 42 42 58 58789 58889
13 203713 44 44 48 203669 203761
14 206699 48 48 50 206651 206749
15 413353 54 54 58 413299 413411
16 1272749 62 70 62 1272679 1272811
17 2198981 72 72 80 2198909 2199061
18 5102953 76 90 76 5102863 5103029
19 10938023 96 102 96 10937921 10938119
20 12623189 98 100 98 12623089 12623287
21 72546283 108 140 108 72546143 72546391
22 142414669 116 116 190 142414553 142414859
23 162821917 124 164 124 162821753 162822041
24 163710121 136 150 136 163709971 163710257
25 325737821 156 172 156 325737649 325737977
26 1131241763 160 160 170 1131241603 1131241933
27 1791752797 162 168 162 1791752629 1791752959
28 3173306951 168 174 168 3173306777 3173307119
29 4841337887 174 174 176 4841337713 4841338063
30 6021542119 176 176 180 6021541943 6021542299
31 6807940367 178 178 200 6807940189 6807940567
32 7174208683 180 206 180 7174208477 7174208863
33 8835528511 186 204 186 8835528307 8835528697
34 11179888193 194 226 194 11179887967 11179888387
35 15318488291 210 220 210 15318488071 15318488501
36 26329105043 214 214 224 26329104829 26329105267
37 31587561361 222 222 280 31587561139 31587561641
38 45241670743 242 242 244 45241670501 45241670987
39 113482615613 244 244 254 113482615369 113482615867
40 138465682247 246 246 266 138465682001 138465682513
41 307608752579 250 250 254 307608752329 307608752833
42 313455525683 258 310 258 313455525373 313455525941
43 343834606051 268 278 268 343834605773 343834606319
44 491856414677 284 286 284 491856414391 491856414961
45 1362810282439 300 300 342 1362810282139 1362810282781
46 1480975873513 324 324 334 1480975873189 1480975873847
47 5551890283531 328 348 328 5551890283183 5551890283859
48 9156364643509 340 372 340 9156364643137 9156364643849
49 16303344721399 348 348 378 16303344721051 16303344721777
50 25328423597831 352 352 378 25328423597479 25328423598209
51 26923643849953 390 390 390 26923643849563 26923643850343
52 92299530249323 396 396 410 92299530248927 92299530249733
53 187891466722913 420 420 420 187891466722493 187891466723333
54 342540487510231 432 432 442 342540487509799 342540487510673
55 475963705368391 452 452 480 475963705367939 475963705368871
