# pairwise records: <n> <prime> <value> <gap_below> <gap_above> <prev_prime> <next_prime>
1 2 0 0 1 0 3
2 3 1 1 2 2 5
3 7 2 2 4 5 11
4 23 4 4 6 19 29
5 89 6 6 8 83 97
6 211 12 12 12 199 223
7 1847 14 16 14 1831 1861
8 2179 18 18 24 2161 2203
9 14107 20 20 36 14087 14143
10 33247 24 24 40 33223 33287
11 38501 40 40 42 38461 38543
12 58831 42 42 58 58789 58889
13 268343 46 46 60 268297 268403
14 1272749 62 70 62 1272679 1272811
15 2198981 72 72 80 2198909 2199061
16 10938023 96 102 96 10937921 10938119
17 72546283 108 140 108 72546143 72546391
18 162821917 124 164 124 162821753 162822041
19 325737821 156 172 156 325737649 325737977
20 2888688863 158 204 158 2888688659 2888689021
21 6613941601 166 224 166 6613941377 6613941767
22 11179888193 194 226 194 11179887967 11179888387
23 24016237123 196 246 196 24016236877 24016237319
24 96155166493 198 272 198 96155166221 96155166691
25 179474021633 200 274 200 179474021359 179474021833
26 215686840471 232 314 232 215686840157 215686840703
27 633880576177 270 318 270 633880575859 633880576447
28 1480975873513 324 324 334 1480975873189 1480975873847
29 9156364643509 340 372 340 9156364643137 9156364643849
30 26459479056379 348 426 348 26459479055953 26459479056727
31 64293760159177 372 434 372 64293760158743 64293760159549
32 201355244997631 390 440 390 201355244997191 201355244998021
33 203521339456733 398 456 398 203521339456277 203521339457131
