# aloof candidates for shard 3 [1985891040000, 2628748080000) -- merge before use
# aloof records: <n> <prime> <value> <gap_below> <gap_above> <prev_prime> <next_prime>
1 1985890940053 114 44 70 1985890940009 1985890940123
2 1985890940783 168 40 128 1985890940743 1985890940911
3 1985890941833 174 4 170 1985890941829 1985890942003
4 1985890942003 200 170 30 1985890941833 1985890942033
5 1985890943021 240 94 146 1985890942927 1985890943167
6 1985890961203 258 12 246 1985890961191 1985890961449
7 1985890961449 300 246 54 1985890961203 1985890961503
8 1985891135089 332 122 210 1985891134967 1985891135299
9 1985894073199 336 68 268 1985894073131 1985894073467
10 1985894437771 342 294 48 1985894437477 1985894437819
11 1985895097699 346 126 220 1985895097573 1985895097919
12 1985900000993 360 124 236 1985900000869 1985900001229
13 1985902040719 454 210 244 1985902040509 1985902040963
14 1986024682531 486 104 382 1986024682427 1986024682913
15 1986288803659 504 126 378 1986288803533 1986288804037
16 1988079539627 576 180 396 1988079539447 1988079540023
17 2003748376411 608 302 306 2003748376109 2003748376717
18 2081209441279 630 68 562 2081209441211 2081209441841
