# gap candidates for shard 3 [1985891040000, 2628748080000) -- merge before use
# gap records: <n> <prime> <value> <gap_below> <gap_above> <prev_prime> <next_prime>
1 1985890940009 44 0 44 0 1985890940053
2 1985890940053 70 44 70 1985890940009 1985890940123
3 1985890940783 128 40 128 1985890940743 1985890940911
4 1985890941833 170 4 170 1985890941829 1985890942003
5 1985890961203 246 12 246 1985890961191 1985890961449
6 1985891312219 260 28 260 1985891312191 1985891312479
7 1985892887711 270 10 270 1985892887701 1985892887981
8 1985894437477 294 8 294 1985894437469 1985894437771
9 1985901664343 318 22 318 1985901664321 1985901664661
10 1985933249527 322 20 322 1985933249507 1985933249849
11 1985934389899 328 2 328 1985934389897 1985934390227
12 1985975257993 354 2 354 1985975257991 1985975258347
13 1985998521341 356 24 356 1985998521317 1985998521697
14 1986000761887 360 6 360 1986000761881 1986000762247
15 1986013161133 378 6 378 1986013161127 1986013161511
16 1986024682531 382 104 382 1986024682427 1986024682913
17 1986629936419 384 96 384 1986629936323 1986629936803
18 1986746054441 396 12 396 1986746054429 1986746054837
19 1986989876489 434 12 434 1986989876477 1986989876923
20 1990073442361 442 132 442 1990073442229 1990073442803
21 1997422438871 450 12 450 1997422438859 1997422439321
22 1999066711391 512 18 512 1999066711373 1999066711903
23 2081209441279 562 68 562 2081209441211 2081209441841
