# lonely candidates for shard 3 [1985891040000, 2628748080000) -- merge before use
# lonely records: <n> <prime> <value> <gap_below> <gap_above> <prev_prime> <next_prime>
1 1985890940053 44 44 70 1985890940009 1985890940123
2 1985890941743 60 76 60 1985890941667 1985890941803
3 1985890943021 94 94 146 1985890942927 1985890943167
4 1985890995493 96 96 96 1985890995397 1985890995589
5 1985891031851 114 114 126 1985891031737 1985891031977
6 1985891135089 122 122 210 1985891134967 1985891135299
7 1985891250053 140 166 140 1985891249887 1985891250193
8 1985894253139 144 152 144 1985894252987 1985894253283
9 1985895854801 148 148 182 1985895854653 1985895854983
10 1985898293369 152 160 152 1985898293209 1985898293521
11 1985902040719 210 210 244 1985902040509 1985902040963
12 1986215696513 224 240 224 1986215696273 1986215696737
13 1989595296449 228 252 228 1989595296197 1989595296677
14 1994298082457 246 250 246 1994298082207 1994298082703
15 2003748376411 302 302 306 2003748376109 2003748376717
