# aloof candidates for shard 2 [1333266480000, 1985891040000) -- merge before use
# aloof records: <n> <prime> <value> <gap_below> <gap_above> <prev_prime> <next_prime>
1 1333266380111 36 4 32 1333266380107 1333266380143
2 1333266380143 42 32 10 1333266380111 1333266380153
3 1333266380153 46 10 36 1333266380143 1333266380189
4 1333266380189 68 36 32 1333266380153 1333266380221
5 1333266380317 72 38 34 1333266380279 1333266380351
6 1333266380423 114 46 68 1333266380377 1333266380491
7 1333266380713 128 74 54 1333266380639 1333266380767
8 1333266380987 172 88 84 1333266380899 1333266381071
9 1333266381157 216 20 196 1333266381137 1333266381353
10 1333266388469 220 142 78 1333266388327 1333266388547
11 1333266411227 234 18 216 1333266411209 1333266411443
12 1333266430229 280 148 132 1333266430081 1333266430361
13 1333266473281 302 74 228 1333266473207 1333266473509
14 1333266698089 374 272 102 1333266697817 1333266698191
15 1333282681139 414 202 212 1333282680937 1333282681351
16 1333288910509 422 92 330 1333288910417 1333288910839
17 1333316428027 488 404 84 1333316427623 1333316428111
18 1335821657081 496 364 132 1335821656717 1335821657213
19 1337037185203 516 476 40 1337037184727 1337037185243
20 1338453593623 532 162 370 1338453593461 1338453593993
21 1339347750707 564 58 506 1339347750649 1339347751213
22 1346294310749 588 6 582 1346294310743 1346294311331
23 1346294311331 638 582 56 1346294310749 1346294311387
24 1362810282439 642 300 342 1362810282139 1362810282781
25 1480975873513 658 324 334 1480975873189 1480975873847
