# gap candidates for shard 2 [1333266480000, 1985891040000) -- merge before use
# gap records: <n> <prime> <value> <gap_below> <gap_above> <prev_prime> <next_prime>
1 1333266380107 4 0 4 0 1333266380111
2 1333266380111 32 4 32 1333266380107 1333266380143
3 1333266380153 36 10 36 1333266380143 1333266380189
4 1333266380279 38 16 38 1333266380263 1333266380317
5 1333266380377 46 6 46 1333266380371 1333266380423
6 1333266380423 68 46 68 1333266380377 1333266380491
7 1333266380639 74 16 74 1333266380623 1333266380713
8 1333266380899 88 20 88 1333266380879 1333266380987
9 1333266381157 196 20 196 1333266381137 1333266381353
10 1333266411227 216 18 216 1333266411209 1333266411443
11 1333266473281 228 74 228 1333266473207 1333266473509
12 1333266697817 272 6 272 1333266697811 1333266698089
13 1333272023929 312 50 312 1333272023879 1333272024241
14 1333278811309 324 50 324 1333278811259 1333278811633
15 1333283857481 350 34 350 1333283857447 1333283857831
16 1333289524009 352 8 352 1333289524001 1333289524361
17 1333316427623 404 10 404 1333316427613 1333316428027
18 1333544081351 422 12 422 1333544081339 1333544081773
19 1333977381463 444 26 444 1333977381437 1333977381907
20 1337037184727 476 16 476 1337037184711 1337037185203
21 1339347750707 506 58 506 1339347750649 1339347751213
22 1346294310749 582 6 582 1346294310743 1346294311331
23 1408695493609 588 2 588 1408695493607 1408695494197
