# lonely candidates for shard 2 [1333266480000, 1985891040000) -- merge before use
# lonely records: <n> <prime> <value> <gap_below> <gap_above> <prev_prime> <next_prime>
1 1333266380111 4 4 32 1333266380107 1333266380143
2 1333266380143 10 32 10 1333266380111 1333266380153
3 1333266380189 32 36 32 1333266380153 1333266380221
4 1333266380317 34 38 34 1333266380279 1333266380351
5 1333266380423 46 46 68 1333266380377 1333266380491
6 1333266380713 54 74 54 1333266380639 1333266380767
7 1333266380987 84 88 84 1333266380899 1333266381071
8 1333266430229 132 148 132 1333266430081 1333266430361
9 1333268122159 138 170 138 1333268121989 1333268122297
10 1333268520989 140 166 140 1333268520823 1333268521129
11 1333272199141 150 150 156 1333272198991 1333272199297
12 1333281141629 162 168 162 1333281141461 1333281141791
13 1333282681139 202 202 212 1333282680937 1333282681351
14 1333385432759 216 216 234 1333385432543 1333385432993
15 1335242833063 224 224 240 1335242832839 1335242833303
16 1340853870749 228 268 228 1340853870481 1340853870977
17 1347738531739 242 242 250 1347738531497 1347738531989
18 1350572180473 256 266 256 1350572180207 1350572180729
19 1362810282439 300 300 342 1362810282139 1362810282781
20 1480975873513 324 324 334 1480975873189 1480975873847
