1 2
2 3
3 7
4 23
5 89
6 113
7 523
8 887
9 1129
10 1327
11 9551
12 15683
13 19609
14 31397
15 155921
16 360653
17 370261
18 492113
19 1349533
20 1357201
21 2010733
22 4652353
23 17051707
24 20831323
25 47326693
26 122164747
27 189695659
28 191912783
29 387096133
30 436273009
31 1294268491
32 1453168141
33 2300942549
34 3842610773
35 4302407359
36 10726904659
37 20678048297
38 22367084959
39 25056082087
40 42652618343
41 127976334671
42 182226896239
43 241160624143
44 297501075799
45 303371455241
46 304599508537
47 416608695821
48 461690510011
49 614487453523
50 738832927927
51 1346294310749
52 1408695493609
53 1968188556461
54 2614941710599
55 7177162611713
56 13829048559701
57 19581334192423
58 42842283925351
59 90874329411493
60 171231342420521
61 218209405436543
62 1189459969825483
63 1686994940955803
64 1693182318746371
65 43841547845541059
66 55350776431903243
67 80873624627234849
68 203986478517455989
69 218034721194214273
70 305405826521087869
71 352521223451364323
72 401429925999153707
73 418032645936712127
74 804212830686677669
75 1425172824437699411
76 5733241593241196731
77 6787988999657777797
78 15570628755536096243
79 17678654157568189057
80 18361375334787046697
81 18470057946260698231
82 18571673432051830099
83 20733746510561442863
84 68068810283234182907
85 101412319996363309069
