# aloof candidates for shard 4 [2628748080000, 3264408000000) -- merge before use
# aloof records: <n> <prime> <value> <gap_below> <gap_above> <prev_prime> <next_prime>
1 2628747980029 42 8 34 2628747980021 2628747980063
2 2628747980087 54 4 50 2628747980083 2628747980137
3 2628747980137 60 50 10 2628747980087 2628747980147
4 2628747980203 66 6 60 2628747980197 2628747980263
5 2628747980263 90 60 30 2628747980203 2628747980293
6 2628747980303 94 10 84 2628747980293 2628747980387
7 2628747980387 126 84 42 2628747980303 2628747980429
8 2628747981949 132 80 52 2628747981869 2628747982001
9 2628747982381 160 42 118 2628747982339 2628747982499
10 2628747982499 180 118 62 2628747982381 2628747982561
11 2628747982561 192 62 130 2628747982499 2628747982691
12 2628747982691 280 130 150 2628747982561 2628747982841
13 2628748338481 286 114 172 2628748338367 2628748338653
14 2628748347443 318 222 96 2628748347221 2628748347539
15 2628748816121 322 40 282 2628748816081 2628748816403
16 2628748816403 330 282 48 2628748816121 2628748816451
17 2628749388989 392 132 260 2628749388857 2628749389249
18 2628766099411 396 110 286 2628766099301 2628766099697
19 2628776027431 444 44 400 2628776027387 2628776027831
20 2628784069537 460 114 346 2628784069423 2628784069883
21 2628788992549 462 228 234 2628788992321 2628788992783
22 2629059330493 474 276 198 2629059330217 2629059330691
23 2629282270837 488 224 264 2629282270613 2629282271101
24 2629350883721 516 124 392 2629350883597 2629350884113
25 2629475533327 524 470 54 2629475532857 2629475533381
26 2629818469807 546 374 172 2629818469433 2629818469979
27 2636673539579 548 36 512 2636673539543 2636673540091
28 2638028458903 600 314 286 2638028458589 2638028459189
29 2671461807041 634 532 102 2671461806509 2671461807143
