# gap candidates for shard 4 [2628748080000, 3264408000000) -- merge before use
# gap records: <n> <prime> <value> <gap_below> <gap_above> <prev_prime> <next_prime>
1 2628747980021 8 0 8 0 2628747980029
2 2628747980029 34 8 34 2628747980021 2628747980063
3 2628747980087 50 4 50 2628747980083 2628747980137
4 2628747980203 60 6 60 2628747980197 2628747980263
5 2628747980303 84 10 84 2628747980293 2628747980387
6 2628747981317 90 28 90 2628747981289 2628747981407
7 2628747982381 118 42 118 2628747982339 2628747982499
8 2628747982561 130 62 130 2628747982499 2628747982691
9 2628747982691 150 130 150 2628747982561 2628747982841
10 2628747990943 156 14 156 2628747990929 2628747991099
11 2628748023371 162 12 162 2628748023359 2628748023533
12 2628748026647 176 24 176 2628748026623 2628748026823
13 2628748038013 180 14 180 2628748037999 2628748038193
14 2628748062049 244 6 244 2628748062043 2628748062293
15 2628748081331 248 12 248 2628748081319 2628748081579
16 2628748816121 282 40 282 2628748816081 2628748816403
17 2628752379541 360 12 360 2628752379529 2628752379901
18 2628776027431 400 44 400 2628776027387 2628776027831
19 2629166592181 412 14 412 2629166592167 2629166592593
20 2629183917163 424 14 424 2629183917149 2629183917587
21 2629475532857 470 28 470 2629475532829 2629475533327
22 2636673539579 512 36 512 2636673539543 2636673540091
23 2641236558251 522 30 522 2641236558221 2641236558773
24 2652427555639 544 20 544 2652427555619 2652427556183
