# lonely candidates for shard 4 [2628748080000, 3264408000000) -- merge before use
# lonely records: <n> <prime> <value> <gap_below> <gap_above> <prev_prime> <next_prime>
1 2628747980029 8 8 34 2628747980021 2628747980063
2 2628747980137 10 50 10 2628747980087 2628747980147
3 2628747980167 20 20 24 2628747980147 2628747980191
4 2628747980263 30 60 30 2628747980203 2628747980293
5 2628747980387 42 84 42 2628747980303 2628747980429
6 2628747981949 52 80 52 2628747981869 2628747982001
7 2628747982499 62 118 62 2628747982381 2628747982561
8 2628747982691 130 130 150 2628747982561 2628747982841
9 2628748558211 132 142 132 2628748558069 2628748558343
10 2628751514297 136 136 140 2628751514161 2628751514437
11 2628753771811 142 144 142 2628753771667 2628753771953
12 2628754852531 144 144 168 2628754852387 2628754852699
13 2628759086881 148 150 148 2628759086731 2628759087029
14 2628759093253 152 152 160 2628759093101 2628759093413
15 2628766137919 154 188 154 2628766137731 2628766138073
16 2628767441743 160 182 160 2628767441561 2628767441903
17 2628773677787 162 216 162 2628773677571 2628773677949
18 2628776729027 178 178 212 2628776728849 2628776729239
19 2628777903001 192 192 228 2628777902809 2628777903229
20 2628788992549 228 228 234 2628788992321 2628788992783
21 2631582856699 238 260 238 2631582856439 2631582856937
22 2634194506973 244 244 288 2634194506729 2634194507261
23 2638028458903 286 314 286 2638028458589 2638028459189
