# aloof candidates for shard 1 [667789920000, 1333266480000) -- merge before use
# aloof records: <n> <prime> <value> <gap_below> <gap_above> <prev_prime> <next_prime>
1 667789820041 52 12 40 667789820029 667789820081
2 667789820081 70 40 30 667789820041 667789820111
3 667789820111 96 30 66 667789820081 667789820177
4 667789820177 108 66 42 667789820111 667789820219
5 667789820219 132 42 90 667789820177 667789820309
6 667789820309 140 90 50 667789820219 667789820359
7 667789820513 148 52 96 667789820461 667789820609
8 667789821799 186 36 150 667789821763 667789821949
9 667789830023 190 166 24 667789829857 667789830047
10 667789834931 258 60 198 667789834871 667789835129
11 667790368781 302 132 170 667790368649 667790368951
12 667791531857 340 94 246 667791531763 667791532103
13 667799133227 374 258 116 667799132969 667799133343
14 667806689887 380 224 156 667806689663 667806690043
15 667818786491 420 82 338 667818786409 667818786829
16 668027778311 426 120 306 668027778191 668027778617
17 668142802693 450 164 286 668142802529 668142802979
18 668443052161 472 162 310 668443051999 668443052471
19 669178865807 522 108 414 669178865699 669178866221
20 670161395489 538 76 462 670161395413 670161395951
21 678681295709 594 216 378 678681295493 678681296087
22 724200190631 600 430 170 724200190201 724200190801
