# gap candidates for shard 1 [667789920000, 1333266480000) -- merge before use
# gap records: <n> <prime> <value> <gap_below> <gap_above> <prev_prime> <next_prime>
1 667789820029 12 0 12 0 667789820041
2 667789820041 40 12 40 667789820029 667789820081
3 667789820111 66 30 66 667789820081 667789820177
4 667789820219 90 42 90 667789820177 667789820309
5 667789820513 96 52 96 667789820461 667789820609
6 667789821799 150 36 150 667789821763 667789821949
7 667789829857 166 6 166 667789829851 667789830023
8 667789834931 198 60 198 667789834871 667789835129
9 667789924519 202 2 202 667789924517 667789924721
10 667790915593 268 12 268 667790915581 667790915861
11 667794630593 290 22 290 667794630571 667794630883
12 667806199969 318 2 318 667806199967 667806200287
13 667811464877 342 6 342 667811464871 667811465219
14 667864732979 350 6 350 667864732973 667864733329
15 667973397167 356 18 356 667973397149 667973397523
16 668162645767 402 14 402 668162645753 668162646169
17 669178865807 414 108 414 669178865699 669178866221
18 670161395489 462 76 462 670161395413 670161395951
19 673420121333 474 6 474 673420121327 673420121807
20 725978934347 476 10 476 725978934337 725978934823
21 731674970641 480 50 480 731674970591 731674971121
22 738832927927 540 14 540 738832927913 738832928467
