# lonely candidates for shard 1 [667789920000, 1333266480000) -- merge before use
# lonely records: <n> <prime> <value> <gap_below> <gap_above> <prev_prime> <next_prime>
1 667789820041 12 12 40 667789820029 667789820081
2 667789820081 30 40 30 667789820041 667789820111
3 667789820177 42 66 42 667789820111 667789820219
4 667789820309 50 90 50 667789820219 667789820359
5 667789820513 52 52 96 667789820461 667789820609
6 667789821389 54 60 54 667789821329 667789821443
7 667789822123 66 66 88 667789822057 667789822211
8 667789829633 70 70 78 667789829563 667789829711
9 667789832767 72 104 72 667789832663 667789832839
10 667789841603 76 76 80 667789841527 667789841683
11 667789841809 88 96 88 667789841713 667789841897
12 667789854709 90 90 94 667789854619 667789854803
13 667789932713 96 96 138 667789932617 667789932851
14 667790174411 114 114 128 667790174297 667790174539
15 667790287699 118 138 118 667790287561 667790287817
16 667790368781 132 132 170 667790368649 667790368951
17 667792255847 134 174 134 667792255673 667792255981
18 667793265961 142 158 142 667793265803 667793266103
19 667799741899 148 176 148 667799741723 667799742047
20 667804533707 150 204 150 667804533503 667804533857
21 667806689887 156 224 156 667806689663 667806690043
22 667831727201 160 160 188 667831727041 667831727389
23 667840543883 168 210 168 667840543673 667840544051
24 667855961639 170 172 170 667855961467 667855961809
25 667857187807 174 174 192 667857187633 667857187999
26 667869261463 180 216 180 667869261247 667869261643
27 668085735403 198 200 198 668085735203 668085735601
28 668391574421 210 210 216 668391574211 668391574637
29 670072157701 222 222 228 670072157479 670072157929
30 670552565083 224 224 238 670552564859 670552565321
31 673075081253 244 244 254 673075081009 673075081507
32 787111208183 264 294 264 787111207889 787111208447
