# aloof records: <n> <prime> <value> <gap_below> <gap_above> <prev_prime> <next_prime>
# terms 1..55 are OEIS A096265 as published; 56+ found by this search
1 2 1 0 1 0 3
2 3 3 1 2 2 5
3 5 4 2 2 3 7
4 7 6 2 4 5 11
5 23 10 4 6 19 29
6 53 12 6 6 47 59
7 89 14 6 8 83 97
8 113 18 4 14 109 127
9 211 24 12 12 199 223
10 1129 28 6 22 1123 1151
11 1327 40 6 34 1321 1361
12 2179 42 18 24 2161 2203
13 2503 44 26 18 2477 2521
14 5623 48 32 16 5591 5639
15 9587 50 36 14 9551 9601
16 14107 56 20 36 14087 14143
17 19609 58 6 52 19603 19661
18 19661 72 52 20 19609 19681
19 31397 76 4 72 31393 31469
20 31469 80 72 8 31397 31477
21 38501 82 40 42 38461 38543
22 58831 100 42 58 58789 58889
23 155921 114 28 86 155893 156007
24 360749 116 96 20 360653 360769
25 370261 126 14 112 370247 370373
26 396833 138 100 38 396733 396871
27 1357201 140 8 132 1357193 1357333
28 1561919 160 28 132 1561891 1562051
29 4652353 190 36 154 4652317 4652507
30 8917523 200 60 140 8917463 8917663
31 20831323 234 24 210 20831299 20831533
32 38089277 236 60 176 38089217 38089453
33 70396393 246 50 196 70396343 70396589
34 72546283 248 140 108 72546143 72546391
35 102765683 270 106 164 102765577 102765847
36 142414669 306 116 190 142414553 142414859
37 325737821 328 172 156 325737649 325737977
38 436273009 330 48 282 436272961 436273291
39 476956933 336 132 204 476956801 476957137
40 1346350763 340 112 228 1346350651 1346350991
41 1453168141 372 80 292 1453168061 1453168433
42 2949347131 376 240 136 2949346891 2949347267
43 3367207801 410 134 276 3367207667 3367208077
44 9085929179 436 142 294 9085929037 9085929473
45 10726905041 438 382 56 10726904659 10726905097
46 20678048681 450 384 66 20678048297 20678048747
47 25056082087 476 20 456 25056082067 25056082543
48 31587561361 502 222 280 31587561139 31587561641
49 42652618343 506 42 464 42652618301 42652618807
50 50949283459 524 350 174 50949283109 50949283633
51 122787888851 540 172 368 122787888679 122787889219
52 215686840471 546 314 232 215686840157 215686840703
53 220578150113 594 214 380 220578149899 220578150493
54 724200190631 600 430 170 724200190201 724200190801
55 929156727137 624 124 500 929156727013 929156727637
56 1032148488557 678 414 264 1032148488143 1032148488821
