# aloof candidates for shard 6 [3894413040000, 4519791360000) -- merge before use
# aloof records: <n> <prime> <value> <gap_below> <gap_above> <prev_prime> <next_prime>
1 3894412940021 36 4 32 3894412940017 3894412940053
2 3894412940053 48 32 16 3894412940021 3894412940069
3 3894412940081 60 12 48 3894412940069 3894412940129
4 3894412940129 108 48 60 3894412940081 3894412940189
5 3894412940287 138 66 72 3894412940221 3894412940359
6 3894412941827 230 108 122 3894412941719 3894412941949
7 3894412977019 246 78 168 3894412976941 3894412977187
8 3894413027633 252 112 140 3894413027521 3894413027773
9 3894413033617 292 96 196 3894413033521 3894413033813
10 3894413502827 306 156 150 3894413502671 3894413502977
11 3894413714647 308 68 240 3894413714579 3894413714887
12 3894413714887 394 240 154 3894413714647 3894413715041
13 3894435620261 414 24 390 3894435620237 3894435620651
14 3894454731577 460 54 406 3894454731523 3894454731983
15 3894539392837 470 224 246 3894539392613 3894539393083
16 3894549279997 480 300 180 3894549279697 3894549280177
17 3895175266259 524 36 488 3895175266223 3895175266747
18 3898610869919 534 322 212 3898610869597 3898610870131
19 3899670732593 572 24 548 3899670732569 3899670733141
20 3899670733141 588 548 40 3899670732593 3899670733181
21 3920736750709 632 530 102 3920736750179 3920736750811
22 4025354669563 636 426 210 4025354669137 4025354669773
