# gap candidates for shard 6 [3894413040000, 4519791360000) -- merge before use
# gap records: <n> <prime> <value> <gap_below> <gap_above> <prev_prime> <next_prime>
1 3894412940017 4 0 4 0 3894412940021
2 3894412940021 32 4 32 3894412940017 3894412940053
3 3894412940081 48 12 48 3894412940069 3894412940129
4 3894412940129 60 48 60 3894412940081 3894412940189
5 3894412940221 66 2 66 3894412940219 3894412940287
6 3894412940287 72 66 72 3894412940221 3894412940359
7 3894412940651 80 34 80 3894412940617 3894412940731
8 3894412941589 102 6 102 3894412941583 3894412941691
9 3894412941719 108 28 108 3894412941691 3894412941827
10 3894412941827 122 108 122 3894412941719 3894412941949
11 3894412946131 138 2 138 3894412946129 3894412946269
12 3894412946273 146 4 146 3894412946269 3894412946419
13 3894412952581 162 20 162 3894412952561 3894412952743
14 3894412965437 186 28 186 3894412965409 3894412965623
15 3894413033617 196 96 196 3894413033521 3894413033813
16 3894413092291 220 12 220 3894413092279 3894413092511
17 3894413149807 222 56 222 3894413149751 3894413150029
18 3894413714647 240 68 240 3894413714579 3894413714887
19 3894414717959 282 6 282 3894414717953 3894414718241
20 3894417022747 294 14 294 3894417022733 3894417023041
21 3894419302801 310 74 310 3894419302727 3894419303111
22 3894427066741 318 32 318 3894427066709 3894427067059
23 3894435620261 390 24 390 3894435620237 3894435620651
24 3894454731577 406 54 406 3894454731523 3894454731983
25 3894880454497 420 26 420 3894880454471 3894880454917
26 3895142355301 438 12 438 3895142355289 3895142355739
27 3895175266259 488 36 488 3895175266223 3895175266747
28 3896544795719 492 6 492 3896544795713 3896544796211
29 3899670732593 548 24 548 3899670732569 3899670733141
30 4014482739217 562 8 562 4014482739209 4014482739779
