# lonely candidates for shard 6 [3894413040000, 4519791360000) -- merge before use
# lonely records: <n> <prime> <value> <gap_below> <gap_above> <prev_prime> <next_prime>
1 3894412940021 4 4 32 3894412940017 3894412940053
2 3894412940053 16 32 16 3894412940021 3894412940069
3 3894412940129 48 48 60 3894412940081 3894412940189
4 3894412940287 66 66 72 3894412940221 3894412940359
5 3894412941827 108 108 122 3894412941719 3894412941949
6 3894413027633 112 112 140 3894413027521 3894413027773
7 3894413088217 116 116 120 3894413088101 3894413088337
8 3894413502827 150 156 150 3894413502671 3894413502977
9 3894413714887 154 240 154 3894413714647 3894413715041
10 3894414120497 164 190 164 3894414120307 3894414120661
11 3894421619587 188 188 202 3894421619399 3894421619789
12 3894539392837 224 224 246 3894539392613 3894539393083
13 3897954583969 252 266 252 3897954583703 3897954584221
14 3920814491183 256 256 318 3920814490927 3920814491501
15 3925757042981 262 262 312 3925757042719 3925757043293
16 3993451702021 272 272 298 3993451701749 3993451702319
17 4009334248259 278 300 278 4009334247959 4009334248537
