1 5
2 7
3 11
4 29
5 59
6 97
7 127
8 223
9 1151
10 1361
11 2203
12 2521
13 5639
14 9601
15 14143
16 19661
17 19681
18 31469
19 31477
20 38543
21 58889
22 156007
23 360769
24 370373
25 396871
26 1357333
27 1562051
28 4652507
29 8917663
30 20831533
31 38089453
32 70396589
33 72546391
34 102765847
35 142414859
36 325737977
37 436273291
38 476957137
39 1346350991
40 1453168433
41 2949347267
42 3367208077
43 9085929473
44 10726905097
45 20678048747
46 25056082543
47 31587561641
48 42652618807
49 50949283633
50 122787889219
51 215686840703
52 220578150493
53 724200190801
54 929156727637
55 1032148488821
56 3605572654171
57 4079970755921
58 5061226834187
59 12772332383101
60 19535748743477
61 21185697626983
62 117102787056631
63 471911699385743
64 528459528877303
65 543684371470039
66 811782668946191
67 1693182318747503
