1 2
2 5
3 23
4 53
5 211
6 1847
7 2179
8 3967
9 16033
10 24281
11 38501
12 58831
13 203713
14 206699
15 413353
16 1272749
17 2198981
18 5102953
19 10938023
20 12623189
21 72546283
22 142414669
23 162821917
24 163710121
25 325737821
26 1131241763
27 1791752797
28 3173306951
29 4841337887
30 6021542119
31 6807940367
32 7174208683
33 8835528511
34 11179888193
35 15318488291
36 26329105043
37 31587561361
38 45241670743
39 113482615613
40 138465682247
41 307608752579
42 313455525683
43 343834606051
44 491856414677
45 1362810282439
46 1480975873513
47 5551890283531
48 9156364643509
49 16303344721399
50 25328423597831
51 26923643849953
52 92299530249323
53 187891466722913
54 342540487510231
55 475963705368391
56 941114429467073
