# aloof candidates for shard 7 [4519791360000, 5140800000000) -- merge before use
# aloof records: <n> <prime> <value> <gap_below> <gap_above> <prev_prime> <next_prime>
1 4519791260041 78 38 40 4519791260003 4519791260081
2 4519791260183 90 6 84 4519791260177 4519791260267
3 4519791260657 168 34 134 4519791260623 4519791260791
4 4519791264251 214 34 180 4519791264217 4519791264431
5 4519791264431 216 180 36 4519791264251 4519791264467
6 4519791268403 250 160 90 4519791268243 4519791268493
7 4519791315023 260 42 218 4519791314981 4519791315241
8 4519791323371 270 134 136 4519791323237 4519791323507
9 4519791406777 324 188 136 4519791406589 4519791406913
10 4519791659623 326 200 126 4519791659423 4519791659749
11 4519792572769 334 270 64 4519792572499 4519792572833
12 4519793281583 356 66 290 4519793281517 4519793281873
13 4519793281873 390 290 100 4519793281583 4519793281973
14 4519799596861 458 8 450 4519799596853 4519799597311
15 4519799597311 462 450 12 4519799596861 4519799597323
16 4519817648743 494 356 138 4519817648387 4519817648881
17 4519941144133 502 276 226 4519941143857 4519941144359
18 4520009256941 528 448 80 4520009256493 4520009257021
19 4521872196799 564 476 88 4521872196323 4521872196887
20 4522941975623 584 180 404 4522941975443 4522941976027
21 4527234498071 606 388 218 4527234497683 4527234498289
22 4593758084611 624 398 226 4593758084213 4593758084837
23 4650317513917 656 344 312 4650317513573 4650317514229
