# gap candidates for shard 7 [4519791360000, 5140800000000) -- merge before use
# gap records: <n> <prime> <value> <gap_below> <gap_above> <prev_prime> <next_prime>
1 4519791260003 38 0 38 0 4519791260041
2 4519791260041 40 38 40 4519791260003 4519791260081
3 4519791260183 84 6 84 4519791260177 4519791260267
4 4519791260657 134 34 134 4519791260623 4519791260791
5 4519791264251 180 34 180 4519791264217 4519791264431
6 4519791271159 190 20 190 4519791271139 4519791271349
7 4519791315023 218 42 218 4519791314981 4519791315241
8 4519791473017 226 74 226 4519791472943 4519791473243
9 4519791744833 228 52 228 4519791744781 4519791745061
10 4519792114111 240 24 240 4519792114087 4519792114351
11 4519792124999 264 42 264 4519792124957 4519792125263
12 4519792572499 270 38 270 4519792572461 4519792572769
13 4519792892803 276 24 276 4519792892779 4519792893079
14 4519793281583 290 66 290 4519793281517 4519793281873
15 4519798973141 306 22 306 4519798973119 4519798973447
16 4519799596861 450 8 450 4519799596853 4519799597311
17 4520400326671 456 44 456 4520400326627 4520400327127
18 4521872196323 476 16 476 4521872196307 4521872196799
19 4527074312623 504 62 504 4527074312561 4527074313127
20 4539456769879 510 48 510 4539456769831 4539456770389
21 4560884909323 546 12 546 4560884909311 4560884909869
