# lonely candidates for shard 7 [4519791360000, 5140800000000) -- merge before use
# lonely records: <n> <prime> <value> <gap_below> <gap_above> <prev_prime> <next_prime>
1 4519791260041 38 38 40 4519791260003 4519791260081
2 4519791260311 40 42 40 4519791260269 4519791260351
3 4519791260911 54 54 58 4519791260857 4519791260969
4 4519791260969 58 58 78 4519791260911 4519791261047
5 4519791261707 66 66 66 4519791261641 4519791261773
6 4519791261919 68 68 82 4519791261851 4519791262001
7 4519791268103 70 70 138 4519791268033 4519791268241
8 4519791268403 90 160 90 4519791268243 4519791268493
9 4519791323371 134 134 136 4519791323237 4519791323507
10 4519791406777 136 188 136 4519791406589 4519791406913
11 4519793214191 138 160 138 4519793214031 4519793214329
12 4519793996293 140 140 198 4519793996153 4519793996491
13 4519794417007 150 158 150 4519794416849 4519794417157
14 4519794590483 170 196 170 4519794590287 4519794590653
15 4519801508293 186 186 190 4519801508107 4519801508483
16 4519939190219 192 210 192 4519939190009 4519939190411
17 4519941144133 226 276 226 4519941143857 4519941144359
18 4521003365453 240 240 246 4521003365213 4521003365699
19 4527587491457 242 244 242 4527587491213 4527587491699
20 4545819504563 264 280 264 4545819504283 4545819504827
21 4564926074749 270 290 270 4564926074459 4564926075019
22 4650317513917 312 344 312 4650317513573 4650317514229
